-1.167944216161925e6
-1.2927161057716433e6
-1.2908633328640664e6
-1.2871011229250836e6
-1.2828485453306818e6
-1.279318265662778e6
-1.27499159918832e6
-1.2722732699815822e6
-1.2687337699175223e6
-1.266791335310378e6
-1.264025484327671e6
-1.2624838993722848e6
-1.2602385524118436e6
-1.2590192405032287e6
-1.2573924058772232e6
-1.256834309522717e6
-1.2561705717882896e6
-1.2564406161075525e6
-1.256702995993061e6
-1.2573714386276247e6
-1.2579953385267367e6
-1.2585169204432445e6
-1.2590718204513497e6
-1.259474204552357e6
-1.260099280815192e6
-1.260726520938506e6
-1.2616313772501198e6
-1.2624362578213029e6
-1.2634066115948022e6
-1.2639987408393305e6
-1.26467209940217e6
-1.2649422518104569e6
-1.2653893310611697e6
-1.2657002485447673e6
-1.2662286443817294e6
-1.2666592245580154e6
-1.2672066079021678e6
-1.267574988121904e6
-1.2679295842193903e6
-1.267414862051889e6
-1.2664458410855066e6
-1.2717581021573402e6
-54405.88600774664
-31994.583932229387
-34028.23903070267
-35956.45210712417
-38622.10214206369
-40725.48484857518
-43433.008005562355
-45224.978374584054
-47600.39529373679
-49049.91405805257
-51080.71777453152
-52339.502728474756
-54111.60559236883
-55175.80846200992
-56587.63060001159
-57247.12884650996
-58083.10325421709
-58239.76846083523
-58507.678655490265
-58394.63957602799
-58397.09465612563
-58310.967074140724
-58279.11664349689
-58202.530667224724
-58057.91693699628
-57805.652123183936
-57441.20843282931
-57055.00499358136
-56610.712391941706
-56328.832022800896
-56028.6701957016
-55918.350280193066
-55722.07096529109
-55565.507463915346
-55292.3760117062
-55049.23137981059
-54747.53154767767
-54536.302093873965
-54349.87205325935
-54731.6573273193
-55437.701831832215
-52324.25691236917
1024.3635794187312
-93.18534103302946
-8.60501930426368e6
1.3527691778976687e6
-1.9132283276056416e7
5.369688091236126e6
-8.429733855078425e6
3.00580457260242e6
-1.376026390541035e7
5.642869364349855e7
-1.5901973899312336e7
1.2671914859072661e8
-4.326680911123666e7
6.231795347881574e7
-1.8125599871771604e7
8.207927602532704e7
4.697570630944597e7
-1.426981255960904e7
1.0567554503731287e8
-3.720095224211311e7
5.291171022665613e7
-1.4856579821656054e7
6.71326956392603e7
6.377327821713698e7
-7.968000048661757e7
1.779335536185708e7
-3.965613503739976e7
-2.6423721572771743e7
4.31493780737497e7
-5.333310538860464e7
-1.2916969971797943e8
-3.9045672031205143e6
-3.697697736350629e6
-4.285084184510334e6
-1.8605901869377296e6
2.3934299641502392e6
-1.1328182349089598e7
-9.452794559489157e6
1.4524236588885361e7
1.3185298926409658e7
1.6122540471470833e7
5.744032871330312e6
-7.397612653096148e6
3.518254098948555e7
2.970673192490321e7
1.046022383397498e7
9.347638002487928e6
1.165966644184691e7
3.8317079396597333e6
-4.937565218357706e6
2.353469418007888e7
1.99808077173494e7
-3.723342708944621e7
-3.2054949552592743e7
4.001808555164557e7
7.43706456832298e6
-2.106227032524191e7
1.0180679515917349e6
-2.6553926715256605e7
-4.7683414690210916e7
-24666.689914352475
-9555.67522573276
-1636.6537436242725
-9439.334445424776
1160.4431193682392
-1225.514246190952
-5599.99963863515
105363.95134556587
79745.5971358104
31744.835497583943
44899.7133712684
-6309.087372685264
-19260.67758457504
45793.010435782584
79099.13454680756
68546.07761136895
29340.06802305604
34725.96256026588
-5037.115701809984
-19896.298176824148
39255.603430490235
-13146.206603159504
42856.076466625316
66674.8740435782
36297.93321172955
54579.165441275494
-80741.27316921682
40729.545217513296
-108523.53947066331
-5935.597994936891
6120.196941885693
4756.918285625397
-2241.4184413906173
-1972.7103688506106
-2674.6758290643056
-9828.094925749263
16361.778179134219
-17419.47976602217
-11347.072076710543
4400.401528315647
5655.631544511603
6055.211739806134
27319.976065394607
9880.198537061655
-10715.88977638915
-6161.420867572225
1998.625372923716
3505.9138468144984
3161.2241683709153
16673.48118929453
17084.153295880555
-13998.661801623934
24138.52133896071
-25659.447547370255
2645.896993699084
24091.327267981167
10540.87871121701
26679.978834048525
