-4.101228357810198e-6
-0.0014467641626777742
-0.0014039260130259267
-0.0013584318346870573
-0.0013034894133004632
-0.0012545562801382427
-0.0011896785672905693
-0.0011328412717988945
-0.0010600556648623393
-0.001005823513927768
-0.0009372367536379962
-0.0008864766825421766
-0.0008423673067991767
-0.0007881049950159947
-0.0007188485230739357
-0.0006739836654508829
-0.0006152170786089886
-0.0005774639257398708
-0.0005273840077004869
-0.000498811158897873
-0.00046152611982734
-0.0004418519706514125
-0.00041448504930898276
-0.00040036297037860774
-0.0003789811772385815
-0.0003667335334215056
-0.00034876511027608835
-0.00033608097499395015
-0.0003181901370819396
-0.0003041566483820709
-0.00028486227786933934
-0.00026919091421081414
-0.00024869018117237135
-0.00023397408896820015
-0.00021607975618043044
-0.00020587047497975757
-0.00018914188709983736
-0.00018213610606045567
-0.0001719056081337602
-0.00016558551330394662
-0.00015660444866832352
1.2618787893680455e-6
-4.1288363593666904e-11
0.0007217821761448871
0.0006755655806007862
0.0006265722711490891
0.0005637390447036701
0.0005076784448639347
0.0004322860505195956
0.0003761438817763539
0.00029715464702414893
0.000238263982263461
0.00017208194280528865
0.0001374491962025842
8.445669208633795e-5
4.5509955752321674e-5
-7.31678763129488e-6
-3.514233267143332e-5
-6.956803802275031e-5
-8.649299259332799e-5
-0.00010513153065014532
-0.00011132640684896746
-0.00012401467477990506
-0.00012582626612133073
-0.00012711578650681635
-0.0001218726262617899
-0.0001189985908211148
-0.0001157133923546615
-0.0001109153773393308
-0.00010438616060961251
-9.702014401344756e-5
-9.496284663397329e-5
-9.923281447950732e-5
-0.00011202248380399961
-0.00012879392907635652
-0.000143265367068955
-0.00015248051277771027
-0.00014604332443424328
-0.00013502364492396987
-0.00011754404654764853
-9.973951499912976e-5
-8.587327325827199e-5
-7.022200077515043e-5
1.8362328743908055e-10
1.5758697736510336e-8
-1.7931188417035408e-8
1.0410443847666941
-0.6220970779359163
2.100077133076752
-0.7936337332513052
0.8821087425283517
-0.2288323507916185
0.9845568225639849
3.9318854046278147
-1.281726957723804
8.740007553006107
-3.0520245062426925
4.260935641309257
-1.2132123364059029
5.468325155417802
4.851646807514597
-1.8539708223898337
10.5802722008966
-3.750744797856537
5.0199840244214275
-1.4083656995650955
6.303032276239881
6.055547047149982
-4.397489621384068
-0.05041897816693432
-0.08260151075086825
1.1817491833800084
5.098129145969498
-6.054829524702932
-12.931837576162598
-0.15721198916648235
-0.16367522666736015
-0.16035217319921566
-0.09199731081521138
0.1177931706144764
-0.5566306883505504
-0.45670846139629584
0.8384431278205857
0.7413229359169717
0.9477371557194645
0.308235078956557
-0.3979331124414033
1.8891534054485066
1.6104119330760056
0.6667817446786549
0.5669626439960586
0.769460992317349
0.21379852458687623
-0.2768932146956873
1.3139474583671529
1.1368949953312846
-1.9714755326895919
-1.6596288684607046
2.1567529120163327
0.48446219594691264
-1.2113738143881763
0.14635568051736447
-1.4924694978635649
-2.697737579983352
0.0006845827618083002
0.0007238956901792857
0.000561681169519855
0.00038033765306213065
-6.759481185318942e-5
-0.0005771390795769032
0.00038710998167712756
0.003869814370507345
0.003820086822229406
0.0017292176055791464
0.0017628985016171766
-0.00026570677029014866
-0.0013813150935870588
0.002448474922092485
0.004941937937235538
0.004962338748629485
0.0024930762544123058
0.0023217880594104483
-0.0003603856896846773
-0.001953875262416406
0.002807881016425516
0.00032782315661276966
0.00038118691683614367
0.0020193242262800987
0.0011527428940016334
0.0022726171583111474
-0.0025596560624214456
0.0002289117177392747
-0.006377848911949986
-0.00019431199317737033
0.00018401776600583764
0.0001681074541813843
-9.360266109581973e-5
-4.8758074614685256e-5
-0.0001098456576892816
-0.0002406851497631616
0.0008355488402847805
-0.0008507920242428103
-0.0008713583045814385
0.0003925738384524915
0.00023118158368711013
0.000459997078154401
0.0010800850362406766
0.0006502079324238769
-0.0006763069687379143
-0.0006981440028997576
0.00029864140422638526
0.00018673498170149796
0.0002816831720688546
0.0006924714721334747
0.0005888349340540721
-0.00041990676114041876
0.0007976728550793927
-0.0009363635563262318
-3.2882611865490784e-5
0.0008620821163083146
0.00046413942136961495
0.001126086171496721
