2.5734849487177227 0.0737995866973474 1.149080830487037e-13
2.5734849487178244 0.07379958669737384 1.5432100042289676e-13
2.5734849487179554 0.07379958669740871 2.0372592501871623e-13
2.573484948718129 0.07379958669745484 2.69340105774063e-13
2.5734849487183493 0.07379958669751578 3.5149660959632456e-13
2.5734849487186335 0.07379958669759533 4.565237077258644e-13
2.573484948719001 0.0737995866976994 5.919709167301335e-13
2.5734849487194746 0.0737995866978352 7.670530877135207e-13
2.573484948720086 0.07379958669801177 9.919842725025774e-13
2.5734849487208744 0.0737995866982408 1.279976125090343e-12
2.573484948721894 0.07379958669853728 1.6533441282717831e-12
2.573484948723221 0.07379958669892027 2.1402879468723768e-12
2.573484948724948 0.07379958669941414 2.7753355169579663e-12
2.5734849487272027 0.07379958670004996 3.6103342537785466e-12
2.5734849487300813 0.07379958670086652 4.674483022881759e-12
2.5734849487337312 0.0737995867019139 6.016187548141261e-12
2.5734849487383484 0.07379958670325544 7.706835170040449e-12
2.57348494874418 0.07379958670497126 9.831579994568074e-12
2.573484948751542 0.07379958670716306 1.2500445123464488e-11
2.5734849487608265 0.07379958670995913 1.5851653323295523e-11
2.573484948772543 0.07379958671352187 2.006361743411844e-11
2.5734849487873457 0.07379958671805646 2.536826304577744e-11
2.573484948806082 0.0737995867238221 3.207112353464936e-11
2.5734849488298503 0.0737995867311457 4.056766034210568e-11
2.573484948860087 0.0737995867404388 5.138889314082462e-11
2.573484948898711 0.07379958675222006 6.525602280760268e-11
2.5734849489482414 0.0737995867671431 8.312817101341352e-11
2.5734849490119815 0.07379958678602902 1.0628287139269332e-10
2.573484949092481 0.07379958680991099 1.3551137989509243e-10
2.5734849491932175 0.07379958684008704 1.719461240057285e-10
2.57348494931909 0.07379958687818701 2.172805269040623e-10
2.5734849494762133 0.07379958692625671 2.736210147347151e-10
2.5734849496722547 0.07379958698686216 3.4361080647471454e-10
2.573484949916892 0.07379958706322072 4.305934497850217e-10
2.573484950222385 0.0737995871593639 5.388298696118454e-10
2.573484950604393 0.0737995872803416 6.738086755220252e-10
2.5734849510830173 0.07379958743247574 8.426520592408338e-10
2.5734849516842653 0.07379958762367714 1.0547104301039667e-9
2.5734849524419934 0.07379958786384064 1.3223483419366744e-9
2.573484953400576 0.07379958816533798 1.6620643750187014e-9
2.573484954618503 0.073799588543631 2.096013584917955e-9
2.5734849561729565 0.07379958901803556 2.6539669351066664e-9
2.573484958126522 0.07379958961267395 3.3559434120533638e-9
2.5734849605525314 0.07379959035766 4.2244968634364e-9
2.5734849635671506 0.0737995912905728 5.3002885413988565e-9
2.5734849670492967 0.07379959245829691 6.499026539152908e-9
2.573484971447378 0.07379959391930274 8.019833908079477e-9
2.573484977742074 0.07379959574647846 1.0324978427789233e-8
2.5734849850634247 0.0737995980306691 1.2928650372501238e-8
2.5734849934518524 0.07379960088508561 1.5796231878084654e-8
2.5734850043745845 0.07379960445074597 1.9603766721054683e-8
2.5734850197633152 0.0737996089032419 2.5246211565743693e-8
2.573485037041727 0.0737996144611996 3.130942760609656e-8
2.5734850572636514 0.07379962139678449 3.8195762108728104e-8
2.5734850844498753 0.07379963004866615 4.778111151182429e-8
2.5734851213317618 0.07379964083814516 6.124665741236157e-8
2.573485162060059 0.07379965428933416 7.536823976028728e-8
2.5734852109063944 0.07379967105409217 9.199654960045933e-8
2.573485278756054 0.07379969194286018 1.1626194151848068e-7
2.57348536543346 0.07379971796303225 1.4758468425135618e-7
2.573485461456097 0.07379975036692869 1.80541833150194e-7
2.573485579807564 0.07379979071087599 2.2096553253803108e-7
2.5734857479599826 0.07379984092840769 2.8185816991488366e-7
2.573485949278142 0.07379990342140538 3.536064504539027e-7
2.573486176002207 0.07379998117382262 4.30818484220552e-7
2.5734864638809425 0.07380007789147529 5.298345149284955e-7
2.573486872881743 0.07380019817552316 6.788514127498146e-7
2.573487340165988 0.07380034773872944 8.431919394924492e-7
2.573487876922559 0.07380053367419655 1.0250808083478447e-6
2.5734885803121292 0.07380076478602336 1.269546220816764e-6
2.573489557733477 0.07380105199971605 1.6257797864627221e-6
2.573490642911755 0.07380140887460629 2.0027816832746126e-6
2.5734919183548546 0.07380185223784957 2.434235452097866e-6
2.573493645318483 0.07380240296551153 3.042579925782718e-6
2.573495941163752 0.07380308695296613 3.874772780632085e-6
2.5734984652776243 0.07380393632697585 4.742282637915096e-6
2.5735015098380756 0.07380499093872095 5.77400243628734e-6
2.5735057677697877 0.07380630020859733 7.297572103270866e-6
2.573511069398769 0.07380792541829903 9.197025087503974e-6
2.573516955788682 0.0738099425724563 1.1202403431331831e-5
2.5735242615099074 0.0738124459132175 1.3691413500827032e-5
2.573534640100613 0.073815552271527 1.7446444860125254e-5
2.5735468265085406 0.07381940648266305 2.175485718847181e-5
2.573560602936334 0.07382418812422172 2.6418646124404255e-5
2.573578234245961 0.0738301197896666 3.2478983743811085e-5
2.57360311150661 0.07383747734669242 4.152272742974361e-5
2.573631159230333 0.07384660271864074 5.131475644404304e-5
2.5736635446371867 0.07385791972738164 6.224111059394133e-5
2.5737063507120395 0.07387195356984685 7.71335600386891e-5
2.5737650281633933 0.0738893549836749 9.844181208140679e-5
2.5738297197825286 0.07391093039385241 0.00012076988915676878
2.5739062468467244 0.07393767911270425 0.0001465858255862429
2.5740108039445757 0.07397083918728978 0.00018350659582488937
2.574146985013703 0.07401194430212721 0.0002326094672147061
2.5742966414717707 0.07406289479454627 0.0002837572255247611
2.5744785277010718 0.0741260449544249 0.00034532250480834303
2.574734461981576 0.0742043108974512 0.0004371109894094616
2.575046166257172 0.07430130454611829 0.0005480861984594743
2.5753936985800827 0.07442150062269273 0.0006659468112734102
2.575828704411522 0.07457044148778832 0.0008142075725928732
2.57644607456772 0.07475499079701808 0.001037690373510869
2.5771593863114295 0.07498364897985017 0.0012883892061276159
2.5779701141641618 0.07526694486280376 0.0015619245463244225
2.579017258546926 0.07561791683427309 0.0019225006736517392
2.580483087889601 0.07605270818340888 0.0024547735604565357
2.5821189419798323 0.07659130940134945 0.0030227906634506807
2.584020082127439 0.0772584754651111 0.003662848342409264
2.5865571600980175 0.0780848536836144 0.004548164008819855
2.5899834686607495 0.07910838126608483 0.0057888407991237845
2.5937453194793894 0.08037602595545079 0.0070809439940066055
2.598228702952734 0.08194593154820741 0.008592086373326868
2.604413753754835 0.08389005278239312 0.010784787151128516
2.612293162486876 0.0862974293574271 0.013612000925359524
2.620971456899659 0.08927824915459714 0.01656543982368286
2.6316051922609938 0.09296884073004946 0.02016585068221355
2.6466281797062057 0.09753780344270073 0.025566913488801468
2.664561065329194 0.10319361322621193 0.031916042437537095
2.6846442945889843 0.11019403730931508 0.03870182701763614
2.7099946720145858 0.11885759987557502 0.04735189698723519
2.745836395729203 0.12957769815977802 0.06032867539450615
2.7866265625801443 0.1428399653915888 0.07458000905763995
2.8331990467913153 0.1592436159929773 0.09023659059524858
2.8938190527837113 0.17952716612184066 0.11113871823182286
2.977630319190312 0.20459986874315578 0.14149396663081104
3.070118605537576 0.23557985970889678 0.1733752477647187
3.1779681365530075 0.27384001486720966 0.20950669351885143
3.3226379650972238 0.32106219627655247 0.25998611181127507
3.5135291870269825 0.37930144818047024 0.3285983835310411
3.7211372334498587 0.45106151757847884 0.3990650332954276
3.968384987511776 0.5393799431474804 0.4815390691100066
4.308815890424401 0.6479228569801733 0.6014748218338589
4.7263464067608 0.7810858237218333 0.7483902277140735
5.180405317926949 0.9440962085048162 0.8987816155306583
5.730661092120361 1.1431012585158056 1.0796907826202793
6.489638421622087 1.385225741432454 1.344062876512421
7.35098549698358 1.6785727628779028 1.6324063838432616
8.285518474526002 2.0321215097645338 1.924018630227665
9.424909327027418 2.4554710960343344 2.277545477507313
10.93651451421366 2.9583698188794245 2.7638742381005574
12.518048918944743 3.549986639870976 3.2236144174192916
14.19429777414463 4.2379056607233565 3.6615053917966147
16.191559530091734 5.026944752542296 4.169212327498147
18.585020450268573 5.918019772463648 4.757426880649486
20.83216752304405 6.90737555160617 5.1997416981134945
23.064982186782427 7.986569360047498 5.563605271702056
25.539255945875297 9.143311226310251 5.943122882289582
28.033402639099663 10.362931068729505 6.2673691182579905
30.118501879077606 11.629997671355332 6.430612777941063
32.03789038405343 12.929606200779277 6.5247629708228745
34.13013037190402 14.24814613149339 6.647277809364124
35.61274608819524 15.573617044562635 6.606122945869474
37.28754183875079 16.895616005870576 6.61006528600032
38.455444870038605 18.205222810543958 6.489115756367053
39.59805716455519 19.494842209502615 6.364657735963416
40.655844734716474 20.758079436363264 6.224076127886103
41.55664091654156 21.989639652911563 6.050434726060061
42.36089910369631 23.18525500235923 5.860390961828223
43.10858442694689 24.34161893454396 5.665980124415181
43.80692460542793 25.456328571441237 5.470735229977666
44.403806788675574 26.527811368981695 5.261625594424482
44.901948382268365 27.555237397043367 5.040000364752742
45.328084631363275 28.53841725195974 4.813805925026854
45.70182313492219 29.47769911918523 4.58901469861154
46.03753673722259 30.37386751152558 4.369988595300555
46.34566759379438 31.228046805772493 4.15975396632725
46.63367451912136 32.041613523727534 3.9602438140232668
46.90675309708721 32.816119823897 3.772522242439517
47.16726951362883 33.55322896391536 3.5966730613705984
47.394769829608265 34.254663847662535 3.42629998260262
47.589262623329276 34.922165052337284 3.260758454675769
47.75320520256131 35.55745937517642 3.1000671899014245
47.8954226750592 36.16223404024241 2.9459677467536585
48.04623220430365 36.73812436526344 2.8059453266598053
48.21080874258403 37.28669915858448 2.6804999824636084
48.33032271060185 37.80945472939026 2.5531351435838188
48.42531981729539 38.30781124927685 2.4288190641765053
48.556883422027354 38.78311620501301 2.322938296197173
48.652486169040344 39.23663730024447 2.2158406040356207
48.72893562124028 39.6695632070914 2.1114622738184865
48.84201216743985 40.08302080914788 2.023531843607553
48.89684010927457 40.478057704016145 1.9273809021326147
48.99868194550919 40.85566263753957 1.8492045307489653
49.04213657600177 41.2167606775288 1.762122740869659
49.134798901504524 41.562219077874495 1.6925612749262002
49.1712064449501 41.892848580445246 1.6140811197629208
49.24978465346387 42.209416892292296 1.550535823750296
49.28953138111076 42.51263241508292 1.481851416825887
49.34666408504104 42.80317466980187 1.4213971841656412
49.40720544050593 43.081663161359906 1.3654955860259048
49.43348230199987 43.34870096888453 1.304956399010515
49.4950911946952 43.60483707958975 1.2560892950139588
49.52196365011553 43.850597968277455 1.202125267408807
49.56610815865893 44.086479783619026 1.1551222283057607
49.61111236749823 44.31293947757641 1.1110327376070495
49.631653730220236 44.530424882192754 1.0638406334756743
49.67883812601808 44.73934080102951 1.025215396691814
49.69878628042562 44.94008072476663 0.9826048935422336
49.73362798453315 45.13301449446231 0.9455540259594125
49.76777062343648 45.31848542341215 0.9103605310680141
49.784209819333675 45.496830126115356 0.8730677382663554
49.82103507232225 45.668354344121404 0.8421919098758219
49.83615657288197 45.83335753682482 0.808139451574514
49.86410749069968 45.99211984695364 0.7785900564278895
49.89041538224106 46.144904392361504 0.7502033644285123
49.902663393180525 46.29196906011719 0.7201426800651958
49.93183704866492 46.43354754609526 0.695225108615511
49.94911972390202 46.569870732684166 0.6689817806954068
49.9631842216286 46.70115872117105 0.6432781358977753
49.98901599557899 46.82761145269169 0.6213501236694757
50.000293665404755 46.94943069301736 0.5973513065502967
50.01646501029571 47.06680350612238 0.5755008745393821
50.038607521769066 47.179903956201926 0.5559748885456006
50.04626546605108 47.28890750715196 0.5342647656185282
50.062151149200865 47.39397446802985 0.5152758181549542
50.08189094235315 47.49525648660811 0.4980063764569227
50.08947494987699 47.592905951659354 0.47894877253897594
50.10169406375275 47.68706394406752 0.46170257712488866
50.119474262121464 47.77786168015881 0.4464255829273237
50.12790770645942 47.86543145492116 0.42987144747240763
50.136869442810024 47.949898034881734 0.41413692307298033
50.15264742696421 48.03137561201149 0.4005382524140278
50.16201532610986 48.10997939006174 0.38620943898609095
50.16767142359491 48.18582007897405 0.37170487841147615
50.18103255850841 48.25899723271301 0.35943716847556423
50.193067150826984 48.32961068392255 0.34745062230342605
50.19678853049206 48.397759609968595 0.3342360256061414
50.20572274922638 48.463532530512005 0.3226510669585638
50.21782850134935 48.52701535798911 0.3122371368302071
50.225159333196856 48.58829515696373 0.301287088441521
50.22892783100609 48.647454720065504 0.2900411874142488
50.2388729719531 48.704566604644455 0.28054286843959947
50.248400296509686 48.75970614759352 0.27137741638554413
50.251484664767965 48.81294851115356 0.2612566320108687
50.2572600783746 48.86436070616598 0.2520934546663543
50.266424608545776 48.91400586619314 0.24401820853027723
50.27427141890567 48.96194809887073 0.2360240939793301
50.27676788823494 49.00825130460642 0.2272499182050391
50.28165831061534 49.052972998480804 0.21931118967810415
50.28954585626401 49.09616710716513 0.21232070054993113
50.29637142714761 49.137888282933574 0.20541376645920167
50.2985830719594 49.1781910241918 0.19783483957420567
50.30273041560878 49.21712457195214 0.19094564996799657
50.309531765265255 49.25473523567838 0.18488506859134463
50.31547940770397 49.29107001128449 0.17890847419088507
50.31742574117108 49.326175794356885 0.17234862700863535
50.320610335513344 49.360095200939185 0.16629122388582596
50.32623612784406 49.392867588499264 0.16097794366416618
50.331940856370075 49.42453271540733 0.15590678443687422
50.33538058005691 49.455130340033584 0.15058085107671637
50.33660173204004 49.484699064238875 0.14500230199075181
50.340520712206576 49.51327236546213 0.14018762012213892
50.345590670694314 49.540883928097976 0.13580694008954708
50.34980749403347 49.56756757229654 0.13143609058897132
50.35127710742804 49.593357068787206 0.12667466364832647
50.35337665057078 49.618282471161315 0.1222183840069252
50.35738380102641 49.642371727373586 0.11832631052057663
50.36158441664906 49.66565372001287 0.1146361704447193
50.364274008979365 49.68815733166803 0.11078837319673762
50.36505082425401 49.70991061097488 0.1066941691872666
50.36754003596972 49.730937119886455 0.10310027911492559
50.37110210991124 49.75126079542336 0.09986880088286987
50.37459977521279 49.7709057879866 0.09675897933662558
50.37690145678303 49.78989624797719 0.09353161833466361
50.37752733996269 49.80825584903997 0.09008282106398535
50.37943842605196 49.8260042956643 0.0870213259255852
50.38236536810277 49.84316139012782 0.08428708180009759
50.38535479145826 49.85974727170801 0.08167867757800062
50.387457330581604 49.87578207968228 0.07899579957680136
50.388033687315186 49.891285722783124 0.07610248240656348
50.389478639517286 49.90627484850469 0.07349019277078372
50.39187387590606 49.92076587875435 0.07117229265667657
50.39441925607123 49.93477568862298 0.06898002883075827
50.39631743058417 49.94832115320144 0.06674541480692808
50.39688322034681 49.96141906235544 0.06432379833612556
50.39784789789445 49.97408363332477 0.062069614173123844
50.39966958297765 49.98632831894716 0.06007455664871608
50.401820098475596 49.998167080368766 0.058226794930877235
50.40377266167964 50.00961387873568 0.056414895461849746
50.40500201763338 50.020682675193996 0.05452784049472337
50.40532726380725 50.03138693158826 0.05252575586815045
50.40633822189647 50.04173679875895 0.05073423005837896
50.407946178966704 50.051743711809635 0.049132621678313004
50.40971668685543 50.06141952562528 0.047629032746637656
50.411216335196265 50.070776095090864 0.04613185175202772
50.41201265947964 50.079825275091345 0.04454972874107754
50.412313492258335 50.08857747475853 0.04292344843515661
50.41330261767768 50.09703997331698 0.041495224333237046
50.41469424857398 50.1052224957595 0.040204256813948125
50.41613072747028 50.11313491104757 0.03897497493139335
50.41725513320984 50.1207870881427 0.03773200749414218
50.417711094554825 50.128188896006364 0.03640014071059694
50.41804209355153 50.135348107780075 0.03508966415934589
50.41888684944149 50.14227107134402 0.033930667231863
50.420016584512915 50.148965548170175 0.032874543827860925
50.42120275040774 50.15543929974527 0.031872762896079654
50.4222171877326 50.161700087555985 0.030876899152649684
50.422832074534405 50.167755673089026 0.029838620406337668
50.42299042963914 50.17361350246448 0.028744786142188117
50.42348953246068 50.17927886422663 0.027758215767587302
50.42430893473114 50.18475766219093 0.026873527927316343
50.425264562454714 50.19005603943005 0.026051683697033035
50.4261725618308 50.19518013901656 0.02525370671306526
50.42684933102566 50.2001361040231 0.024440688359200657
50.42711148194081 50.20493007742757 0.023573778602149154
50.427331629486375 50.20956716188408 0.02272852824224514
50.427882925656995 50.214051713899046 0.021980716081475005
50.428617096878305 50.21838870469186 0.021298910332026355
50.42938597072262 50.222583105481974 0.020651711609170675
50.43004153893152 50.22663988748882 0.020007765009111833
50.43043593461516 50.230564021931826 0.01933575456869563
50.43053185065216 50.234360254557814 0.01862711216754065
50.43082211934064 50.23803190753887 0.0179823636573595
50.43130997552022 50.24158278735135 0.017401425076679744
50.43190483334748 50.245016857320465 0.016864927880989034
50.43251616705002 50.24833808077141 0.016353521621915945
50.433053532789025 50.251550421029364 0.015847878006644778
50.433426558461846 50.25465784141952 0.015328688385849665
50.433548859813165 50.25766429313568 0.014777469215162986
50.433693736275345 50.260572472177635 0.014249780990693073
50.434021722395926 50.26338493194351 0.013778064050257166
50.43446195510454 50.26610483880204 0.013347162052917638
50.434943597177636 50.26873535912197 0.012941927590579883
50.435395858546336 50.271279659272025 0.012547226297328962
50.43574799795614 50.273740905620954 0.01214793693262095
50.435929305011165 50.27612226453749 0.011728947446258853
50.435988591824895 50.27842640257963 0.011299759557767408
50.436194307499925 50.28065477318307 0.010915153882911643
50.43651021134431 50.282809804097994 0.0105672254518685
50.43688085234386 50.28489399514304 0.010244117352511184
50.437250804580515 50.286909846136886 0.009933979942935212
50.43756467309837 50.2888598568982 0.009624971896514678
50.437767087736596 50.29074652724564 0.009305258782409176
50.437819241879254 50.29257229688662 0.00896641582182689
50.43791809316825 50.294338582567974 0.008648558876008683
50.438111647911384 50.29604697151258 0.008361224375048049
50.43836792757103 50.297699295058834 0.008097501065678303
50.43865495985486 50.29929738454517 0.00785048001884081
50.43894078457202 50.300843071309984 0.007613255756972359
50.43919345548255 50.30233818669169 0.007378926561730115
50.439381038144 50.3037845620287 0.007140593963091413
50.43947160375889 50.30518402865943 0.0068913614107510845
50.4395035890819 50.30653811351463 0.006638816593781627
50.43961351772304 50.30784773018255 0.0064107716226452505
50.439783961139504 50.30911428590128 0.00620338209996274
50.43999079950702 50.31033921345286 0.006011427577075401
50.440209918349396 50.31152394561933 0.005829689276442229
50.44041721083929 50.31266991518271 0.005652950521966349
50.44058857781901 50.31377855492507 0.005475996703208863
50.44069992554323 50.31485129762844 0.005293614773922206
50.440731402122296 50.31588954473424 0.005101467552082073
50.440781643486275 50.31689376638849 0.004919682276828041
50.440887465293635 50.31786474265201 0.004755654624369998
50.44103068056215 50.318803636951635 0.004605433213151877
50.44119310408662 50.31971161271414 0.0044650673674123675
50.44135655445715 50.32058983336632 0.004330607506714768
50.44150285478037 50.321439462334965 0.004198105270466934
50.44161383210437 50.32226166304688 0.004063613377577768
50.44167131554808 50.32305759892886 0.003923185221448411
50.44168601768544 50.323828103510614 0.0037788568789802746
50.44173654912528 50.324573136013626 0.0036467463132605626
50.441819848241174 50.325293478432044 0.0035260758580842877
50.44192596277255 50.32598998758473 0.0034146415116552697
50.44204494128606 50.32666352029056 0.0033102395892157244
50.44216683387195 50.32731493336838 0.003210666855423705
50.44228169245184 50.327945083637054 0.0031137205775408905
50.442379570698314 50.328554827915454 0.0030171984994855627
50.44245052356624 50.329145023022434 0.0029188987367751995
50.44248460643608 50.329716525776846 0.0028166195924047566
50.4424955588874 50.33026983910301 0.002713080378886401
50.442534014652864 50.33080481851782 0.0026186841775366343
50.442595580897155 50.33132205020172 0.0025324184095090185
50.44267307755788 50.33182215990037 0.002452691861732692
50.44275932503713 50.33230577335941 0.002377913492585315
50.44284714454901 50.332773516324494 0.002306492497747059
50.44292935826504 50.33322601454126 0.0022368383348784215
50.44299878925727 50.33366389375537 0.002167360707061805
50.44304826123937 50.33408777971247 0.0020964695050963433
50.44307059810558 50.33449829815819 0.0020225747085915735
50.44307930194047 50.33489574085186 0.0019483871070025138
50.44310845427614 50.33527999070226 0.0018809122203452544
50.44315389392114 50.33565148665384 0.0018192133431179647
50.44321044181329 50.33601068332081 0.0017621422555758048
50.443272919149145 50.336358035317446 0.0017085508303928965
50.44333614755704 50.336693997257974 0.0016572910653738226
50.443394949165 50.337019023756646 0.0016072150946855324
50.4434441465633 50.33733356942771 0.0015571751786758181
50.44347856266203 50.33763808888542 0.0015060236722718168
50.4434930204433 50.337933036744 0.0014526129719226732
50.44349888610952 50.33821858619362 0.0013992387526923222
50.443517364650624 50.33849468180803 0.0013502561507980904
50.44354612761454 50.338761627249504 0.0013051299735947763
50.44358260751952 50.33901973004511 0.0012632753324911539
50.44362423694257 50.339269297722 0.0012241073665191227
50.4436684485843 50.33951063780727 0.0011870412545835762
50.443712675307786 50.33974405782803 0.001151492222397188
50.44375435015178 50.33996986531139 0.001116875544222351
50.443790906317766 50.34018836778448 0.0010826065393162443
50.44381977713149 50.340399872774384 0.0010481005631642892
50.44383839597836 50.34060468780824 0.0010127729934447105
50.44384431336285 50.34080311759156 0.0009760637511115888
50.44385005540076 50.34099509480733 0.0009405519906663384
50.44386416371689 50.341180610546004 0.0009079893483804335
50.443884895900176 50.34135989588018 0.0008779746483150719
50.44391050953445 50.3415331818824 0.0008501067212068891
50.443939262237585 50.341700699625214 0.0008239844119466433
50.44396941168905 50.3418626801812 0.000799206584727763
50.443999215645384 50.34201935462291 0.0007753721257491852
50.44402693194377 50.342170954022905 0.0007520799434894698
50.44405081849373 50.34231770945374 0.0007289289665947107
50.444069133256875 50.34245985198798 0.0007055181393277321
50.44408013421482 50.342597612698185 0.0006814464146280841
50.44408282099689 50.34273119050345 0.0006564708342949865
50.44408736635042 50.342860294369125 0.0006327310843271539
50.444096807725 50.342984930016456 0.0006108483312003976
50.444110220722166 50.343105273310414 0.0005905995710404621
50.44412668094109 50.34322150011596 0.0005717618025794513
50.444145263991366 50.34333378629809 0.0005541120295442514
50.444165045502416 50.34344230772173 0.0005374272624045773
50.44418510112939 50.343547240251894 0.0005214845193645123
50.444204506555984 50.343648759753535 0.0005060608267840605
50.44422233749367 50.34374704209163 0.0004909332188463011
50.44423766967766 50.34384226313114 0.0004758787365812811
2.573484948747817 0.07379958670522532 1.1553535905761692e-11
2.573484948757461 0.07379958670788078 1.5154988375343237e-11
2.573484948769969 0.07379958671135768 1.981115271831868e-11
2.5734849487861595 0.07379958671589537 2.5819235638380178e-11
2.5734849488070606 0.07379958672180005 3.355171696028947e-11
2.57348494883399 0.07379958672946293 4.348854609759201e-11
2.573484948868624 0.07379958673938294 5.6236237888640517e-11
2.5734849489130878 0.07379958675219622 7.256462097871008e-11
2.5734849489700786 0.0737995867687124 9.34481381165142e-11
2.5734849490430154 0.07379958678996093 1.2012046912701635e-10
2.5734849491362346 0.07379958681725023 1.541449190511912e-10
2.5734849492552234 0.07379958685224054 1.9749979429661835e-10
2.5734849494069145 0.0737995868970373 2.5267754555358124e-10
2.5734849496000796 0.0737995869543085 3.2283087314510794e-10
2.5734849498457923 0.07379958702743124 4.1193570776698607e-10
2.573484950158017 0.07379958712067734 5.2499937730488e-10
2.5734849505543775 0.07379958723944641 6.683377185012773e-10
2.5734849510570776 0.07379958739055761 8.499005943463089e-10
2.573484951694068 0.07379958758261686 1.0796824545522554e-9
2.5734849525005226 0.07379958782647732 1.3702520229585957e-9
2.5734849535206927 0.07379958813581669 1.7374091054733753e-9
2.573484954810173 0.07379958852785984 2.2009806199818627e-9
2.5734849564388074 0.07379958902428525 2.78586120838753e-9
2.573484958494255 0.07379958965235901 3.5232673445406704e-9
2.5734849610865194 0.07379959044635313 4.452339052996024e-9
2.5734849643535225 0.07379959144932062 5.622114773728981e-9
2.5734849684681143 0.07379959271531375 7.094005050056751e-9
2.5734849736468206 0.07379959431215545 8.944882279315891e-9
2.573484980160737 0.07379959632490168 1.1270921418393698e-8
2.5734849883491098 0.07379959886016478 1.419239314959242e-8
2.573484998636317 0.07379960205150916 1.7859650980334152e-8
2.5734850115529437 0.07379960606618195 2.246055352816967e-8
2.573485027762145 0.07379961111350998 2.8229753201713947e-8
2.573485048092354 0.07379961745536677 3.546020288514029e-8
2.573485073578183 0.0737996254192216 4.451755986067951e-8
2.5734851055111316 0.07379963541439573 5.585800755270043e-8
2.5734851455029455 0.07379964795231767 7.005054580844217e-8
2.573485195564137 0.07379966367174345 8.780457139145881e-8
2.5734852582020817 0.07379968337015837 1.1000436694885707e-7
2.5734853365424897 0.07379970804286516 1.3775172724717066e-7
2.573485434481131 0.07379973893161929 1.7241927952049707e-7
2.5734855568716313 0.0737997775851488 2.1571633002093193e-7
2.573485709759906 0.07379982593441489 2.697712042643019e-7
2.573485900674457 0.07379988638624682 3.3723299253107797e-7
2.573486138987913 0.07379996193964439 4.213984137191318e-7
2.5734864363665677 0.07380005633083693 5.263693427792759e-7
2.5734868073272597 0.07380017421283046 6.572480266697767e-7
2.573487269928582 0.07380032137826269 8.20379386423653e-7
2.5734878466303783 0.07380050503749161 1.0236518421802288e-6
2.5734885653689132 0.07380073416492591 1.27687436590751e-6
2.57348946087384 0.07380101992593462 1.5922370294463306e-6
2.5734905763132176 0.07380137620735837 1.984887601058638e-6
2.5734919653389774 0.07380182028042157 2.473646913636607e-6
2.573493694630245 0.07380237362293661 3.081899360268814e-6
2.573495847026569 0.07380306293369387 3.838689207280588e-6
2.573498525416139 0.07380392139303683 4.780080219091154e-6
2.573501857610627 0.07380499023954444 5.9508621285120356e-6
2.5735060023413383 0.07380632071685528 7.406645972207748e-6
2.573511156688463 0.07380797647941745 9.216463332961666e-6
2.5735175653043254 0.0738100365850528 1.1465990379044833e-5
2.5735255319302315 0.07381259923363694 1.4261572688689661e-5
2.57353543360157 0.07381578636951056 1.773519392023193e-5
2.5735477381677634 0.07381974938056295 2.205059290327771e-5
2.5735630261687614 0.07382467619031889 2.7410913582937013e-5
2.5735820180575724 0.07383080010489004 3.406821382012648e-5
2.5736056076285707 0.07383841067913122 4.233514069462707e-5
2.57363490356663 0.07384786719981278 5.259945319990855e-5
2.5736712810196454 0.07385961548375838 6.534201811536633e-5
2.573716445921193 0.07387420874307295 8.11592967939756e-5
2.5737725137786702 0.0738923332523898 0.00010079083562897218
2.573842107595873 0.07391484018464514 0.00012515346455366227
2.5739284801755926 0.07394278535984744 0.0001553840165586795
2.5740356648265865 0.07397747839110716 0.00019289188810978075
2.5741686617593786 0.07402054321619388 0.00023942416965949676
2.574333668647453 0.0740739932837384 0.0002971460568212958
2.574538368923949 0.07414032539891117 0.0003687414799099509
2.574792287152367 0.07422263532746987 0.00045753718311580815
2.5751072260574754 0.07432476052641984 0.0005676550431558125
2.5754978122467356 0.07445145745507399 0.0007042027183200572
2.5759821735053143 0.07460862286422942 0.0008735096676391052
2.5765827728792448 0.07480356537046785 0.0010834182694904326
2.577327439466825 0.07504534168044358 0.0013436433102212986
2.5782506481892384 0.0753451746463872 0.001666218012902565
2.579395116466629 0.07571697324056759 0.0020660513104517886
2.580813753736016 0.0761779706283829 0.002561606738301414
2.5825720832652177 0.07674951445311756 0.0031757469873214816
2.5847512544313695 0.07745805109410005 0.003936783791788634
2.5874517600275566 0.07833634394494426 0.004879771849876535
2.590798014147598 0.07942496946721882 0.006048104498501794
2.5949439972247843 0.08077417070252307 0.007495477304201192
2.6000802951520114 0.08244616530245763 0.00928833841721377
2.60644273537679 0.08451798740969954 0.011508890293200569
2.6143229966922967 0.08708498039860213 0.014258777392717303
2.6240816900554873 0.09026511855178701 0.017663626115282383
2.6361645772554336 0.09420437843053003 0.021878668710255678
2.651122341820896 0.09908330952863358 0.027095589731889524
2.6696347063839365 0.10512510169018974 0.03355085473160124
2.6925401378703073 0.11260553403882946 0.04153596578378593
2.720871971197842 0.12186525702975418 0.05140984753356359
2.7559022690339456 0.13332467294658726 0.06361390529584299
2.799194280759412 0.14750211993194803 0.07868984990082606
2.8526653888678637 0.16503603316075363 0.09730091534139873
2.918664126699451 0.18671189959724177 0.12025787739685889
3.000055421084155 0.21349434218738217 0.14854669985773372
3.100325518012794 0.24656540154383763 0.18336302781692154
3.223694976716622 0.2873701769741183 0.22614688174159825
3.375251350901814 0.33766972658011696 0.2786231737854587
3.5610785836975185 0.399601343844621 0.3428356614755775
3.7883941454439314 0.475745402124655 0.4211791986898486
4.065673718423853 0.5691985164865045 0.5164181338014369
4.402723037870259 0.6836460774187013 0.6316703840176842
4.810711242062136 0.8234288726421226 0.7703620046867274
5.3020428321303745 0.9935925200295126 0.9360878297835524
5.890148611824375 1.1999040989433982 1.1324177573731584
6.588918860265594 1.448810865606326 1.362511215791161
7.4120101448852935 1.747314188928942 1.628668033017754
8.371677971183772 2.102736012404608 1.9316628715287363
9.477441612405055 2.522344680695944 2.2700777209924805
10.734433951300284 3.0128482484174595 2.6396371339557962
12.141847426642794 3.5797825713043814 3.032856676237002
13.691679403915932 4.226871614939277 3.439177761099079
15.368087870097929 4.955474561120187 3.8457186766491933
17.147892891176827 5.764258748913664 4.238697591248676
19.001907055315694 6.649180062909993 4.605047836855183
20.897450101274497 7.6037850511783995 4.934008211107492
22.801007677967583 8.619781488566842 5.218015400022992
24.68109033282127 9.68771548244155 5.452990354722368
26.510309407033734 10.797633021917738 5.637914723202029
28.266625550659214 11.939622346230896 5.774069307269449
29.933924945113983 13.10419220540436 5.864270476449532
31.50164333861435 14.282506028676057 5.912145362760598
32.9642386077125 15.466495424357413 5.921704550838511
34.320167152924405 16.648904221734618 5.8970181979693646
35.57102105376581 17.823286921995233 5.842097694320973
36.72062166740331 18.983987525919503 5.760829350175061
37.77425309837595 20.126112632063826 5.656951506489091
38.738109247589165 21.245500755736288 5.534060724537394
39.6187654198884 22.33869618280607 5.395575520374641
40.422942661727014 23.402907973440627 5.244742043578235
41.157218920932486 24.435972940349327 5.084583804015856
41.82791890750356 25.43630723361975 4.9178800370153395
42.44099787478419 26.402855999537163 4.747127990321467
43.00199754846947 27.33503509222634 4.574524166075852
43.51602382749663 28.232668344908227 4.4019556983038095
43.98771928354326 29.095927252914706 4.2309954442896425
44.421279473462235 29.925261977641977 4.062920640060207
44.82040865089338 30.721353859702095 3.898713470491339
45.18837752016872 31.48505431393089 3.7391024932672376
45.52805713156215 32.21733596442051 3.584596755696082
45.84196044420777 32.91925535608268 3.4355203962324747
46.132306178631765 33.591918545838375 3.2920533671845646
46.401069947259856 34.23645577290662 3.1542648541626424
46.65002424376118 34.854002492713036 3.022140270767924
46.88077201716405 35.44568492579739 2.8956035612750375
47.09477080164189 36.01260917072463 2.774534248440003
47.29334992719518 36.555853858182104 2.658780082780658
47.4777245672913 37.07646483183386 2.5481669958541144
47.649007449709146 37.57545174343333 2.442506784960342
47.808219432553926 38.05378553237333 2.3416033354630965
47.95629837817451 38.512397585253716 2.245257138783685
48.09410719341934 38.952179447604586 2.153268828788747
48.22244088487345 39.37398299267146 2.0654418403031873
48.34203252197273 39.778621177830416 1.9815842311741563
48.453558339948486 40.166869148552145 1.9015098922907898
48.55764225419383 40.539465498158656 1.8250393435914738
48.654859772636364 40.897113643727224 1.7520001813671116
48.745741410863424 41.2404832603947 1.682227266407142
48.83077579180372 41.570211723052424 1.615562748788516
48.91041247939015 41.88690554100815 1.5518559728476573
48.98506473050949 42.19114176314187 1.4909633345186162
49.05511210402036 42.48346949329612 1.4327480554022132
49.120902835401495 42.764410852049394 1.3770800346011214
49.182756164614624 43.034462880024456 1.3238354492471387
49.240964639843966 43.29409856830458 1.2728965831045995
49.29579619638651 43.54376790344724 1.2241516072487633
49.34749618479128 43.78389844355909 1.1774944777652967
49.396289571553744 44.014897834978065 1.1328244162340413
49.44238228236351 44.23715434394598 1.0900457033201687
49.4859628191337 44.45103611319077 1.049067856514571
49.52720454484885 44.65689543212327 1.009804780926575
49.566265907511394 44.85506700060555 0.9721749090521667
49.603292852730554 45.045868862101344 0.9361012193077735
49.63841913285677 45.22960612849441 0.9015101480309826
49.67176816098539 45.40656692363701 0.8683326896916479
49.70345278404661 45.5770281574857 0.8365027572457939
49.73357824608012 45.74125315878338 0.8059581741414783
49.76224012566344 45.89949218174793 0.7766398740582513
49.789528296603976 46.05198664569624 0.748491638822185
49.81552429955715 46.19896223044023 0.7214608807052189
49.84030479479904 46.340640707735 0.6954965965319724
49.86394033601782 46.47722816869594 0.6705515712273032
49.88649617066776 46.60892455485358 0.6465802908963265
49.908033618074555 46.73592147810238 0.6235396102233303
49.928608714386435 46.85839853865722 0.6013891357921269
49.948274604972994 46.97653268607931 0.5800896003351214
49.96708005112526 47.090488329361946 0.5596045887918474
49.98507090599849 47.20042535939522 0.5398990256798903
50.00229010528772 47.30649725670702 0.5209395036582553
50.01877723488315 47.4088481644983 0.5026947361025573
50.034570139759474 47.507620061315954 0.4851343028305566
50.04970351770264 47.60294537627614 0.4682298548449533
50.0642102936357 47.69495305960071 0.45195405992940063
50.07812144412664 47.783766794337986 0.4362808917740266
50.09146565488589 47.86950328628326 0.4211858631871265
50.1042704847857 47.95227752882505 0.40664512555665466
50.116561307074974 48.03219661183667 0.392636495402648
50.1283622910132 48.10936486094071 0.37913854997265134
50.13969647093463 48.183883929795904 0.36613059110461527
50.15058495593458 48.255847940351835 0.35359344925910735
50.161048229167406 48.325350054718356 0.3415083689112554
50.17110556049146 48.392479627445134 0.32985744645923176
50.18077475823276 48.457320173980015 0.31862396684262084
50.190073206706884 48.5199548076481 0.30779148410869084
50.19901715056929 48.58046225551984 0.2973444656953462
50.207621712517174 48.63891664555583 0.28726831647646395
50.21590169123534 48.69539191483437 0.2775486311844693
50.22387100944774 48.749958502009584 0.26817173546130246
50.23154254933356 48.80268209886842 0.2591248859898305
50.23892894436191 48.85362823510879 0.2503954940497897
50.24604219048514 48.90286009610864 0.2419714735456882
50.25289331589491 48.95043611055262 0.23384164391567203
50.259493152075585 48.99641439398456 0.22599498497493586
50.26585211447994 49.040851727938666 0.2184207876021136
50.27197968717283 49.08380018327967 0.21110921221962303
50.27788512873267 49.125311014345975 0.20405064600815953
50.283577538237736 49.16543530984874 0.197235580029532
50.28906528485307 49.20422055566228 0.19065516869535426
50.294356250780034 49.241711709411206 0.18430105722577433
50.29945824048883 49.277953815229 0.1781649401532333
50.30437877680955 49.3129908081939 0.17223875172686665
50.30912465333052 49.34686259032119 0.16651514645294008
50.313702550112666 49.379608697531815 0.16098689376226905
50.318119065564595 49.41126861955231 0.15564681767595467
50.322380342618075 49.4418793324977 0.15048820281155806
50.326492084349766 49.47147530507974 0.14550479090657253
50.330459936225935 49.50009100159864 0.14069036214049058
50.33428947638781 49.527760815941186 0.1360387436137318
50.33798583514005 49.55451661287193 0.13154421121521742
50.34155380997648 49.58038817284885 0.12720142172759497
50.34499818427733 49.60540540216997 0.12300504150712399
50.34832368877186 49.62959814962061 0.11894977268440565
50.35153462323371 49.65299401308326 0.11503070255415049
50.35463502271499 49.675618783929394 0.1112432477237687
50.35762893818223 49.69749840656413 0.10758282618674819
50.3605203834286 49.71865878761549 0.10404488233132703
50.36331304913498 49.7391239962048 0.10062517783683655
50.36601033637383 49.75891629334116 0.09731979042548211
50.36861563913284 49.77805800267141 0.09412480523323985
50.37113232857793 49.79657144784238 0.09103632276994345
50.37356368852851 49.814478423105996 0.08805054769072751
50.37591263739546 49.83179814283452 0.08516412915721705
50.37818202960794 49.848549667116075 0.08237374900313421
50.38037470851565 49.864752110401206 0.07967609126691866
50.38249349836174 49.880424569269216 0.07706785386540582
50.38454096753287 49.89558457732358 0.07454599903085657
50.38651949288938 49.91024825551118 0.07210773600509479
50.38843148546154 49.92443194445039 0.06975024971408927
50.39027934420007 49.93815198475965 0.06747073337293497
50.392065403028234 49.951424428775205 0.06526643290757705
50.39379167425653 49.96426340232946 0.06313491075088651
50.395460156252845 49.97668269240165 0.0610738006460988
50.39707285081415 49.98869613817081 0.059080734992955075
50.39863175121297 50.00031757881593 0.057153352116738
50.40013881395919 50.01156065845688 0.055289327798239585
50.401595725399915 50.02243720203536 0.05348664070747944
50.4030041330876 50.03295876591369 0.05174331948817423
50.4043656957289 50.04313702165514 0.050057378539158925
50.40568206601709 50.052983640823 0.048426836489757874
50.40695487679251 50.06251019599288 0.04684973219469768
50.40818553972239 50.0717267195355 0.045324361108098454
50.40937541632786 50.08064286905265 0.0438490849901082
50.41052588808221 50.08926846711319 0.042422241941234784
50.41163833219881 50.097613336285974 0.041042173077488586
50.412714117008036 50.105687265468944 0.03970722788264014
50.413754444639 50.11349889985402 0.03841594553228156
50.41476042922493 50.12105626578138 0.03716696943298348
50.41573320454531 50.128367544207734 0.03595892012007318
50.41667390138382 50.135440916089834 0.03479042027088575
50.41758364767202 50.14228456238443 0.03366009460385
50.41846354993651 50.1489064955544 0.0325665983615574
50.41931454548724 50.15531335432381 0.031508818640494374
50.420137550691294 50.16151181023721 0.03048563393671555
50.42093349072205 50.16750864766622 0.029495904791581373
50.42170328874943 50.17331065098246 0.028538493194327774
50.42244786603565 50.17892460455757 0.027612262513601382
50.42316809898384 50.1843569129182 0.02671614158806357
50.423864720618354 50.18961282213716 0.025849253948073247
50.42453848948086 50.19469790354481 0.02501066720538414
50.425190165972516 50.19961775927472 0.024199444745690246
50.42582050914766 50.204377991460476 0.023414650929443837
50.42643027677827 50.20898420223563 0.022655351045773653
50.42702015330293 50.21344141915218 0.02192070676979685
50.42759073236166 50.21775397348262 0.021209995801951376
50.42814263473653 50.22192642994816 0.02052245750423487
50.42867648026373 50.225963353273464 0.01985733192141559
50.42919288787775 50.22986930818316 0.0192138597498952
50.42969247565418 50.233648859401896 0.018591282307056756
50.43017584110826 50.23730643852097 0.017988862986701548
50.43064344169309 50.24084550132815 0.01740602429935223
50.43109576617403 50.2442696630316 0.016842165200957493
50.43153331720272 50.24758263277312 0.01629667006358837
50.43195659682842 50.25078811969453 0.015768923694744585
50.432366106526494 50.253889832937666 0.015258311317000173
50.432762347218286 50.25689148159442 0.014764218556339359
50.4331457347625 50.25979621113304 0.01428612209520419
50.43351662171713 50.262606713031424 0.013823573053138638
50.433875409112844 50.26532598771289 0.013376073660945065
50.434222497581324 50.26795703560081 0.012943126440517982
50.43455828737395 50.270502857118544 0.012524234191315764
50.43488317837981 50.27296645268943 0.01211889997728699
50.43519755834816 50.27535071534563 0.011726645266397773
50.43550172832505 50.27765780885497 0.011347113727536384
50.43579599649034 50.27989005059827 0.01097992131601111
50.4360806777631 50.28204982748484 0.010624672296331239
50.43635608681261 50.284139526423985 0.010280971117022197
50.43662253806995 50.28616153432502 0.009948422402058843
50.4368803457393 50.28811823809723 0.009626630942610959
50.437129823252555 50.2900120193901 0.009315202582006687
50.437371221144225 50.2918446851967 0.009013840473645507
50.43760476676795 50.29361788340764 0.008722273632443156
50.43783071216771 50.29533350851034 0.008440189076188376
50.438049309229406 50.296993454992176 0.00816727393840988
50.438260809688074 50.298599617340564 0.00790321546297268
50.43846546513517 50.3001538900429 0.0076477009989088796
50.43866352702529 50.30165816758659 0.007400417995383601
50.43885521571952 50.30311413457447 0.007161087813664757
50.4390406712638 50.304522905817876 0.00692952449135642
50.43922008882749 50.30588594385457 0.006705486913989311
50.43939366780316 50.307204739786876 0.006488729459246612
50.43956160748825 50.3084807847171 0.006279006573889689
50.43972410708964 50.309715569747574 0.006076072770532237
50.43988136572803 50.31091058598061 0.005879682624547855
50.44003357836834 50.31206729505228 0.0056895955730149606
50.440180869661354 50.31318665240151 0.005505653546051037
50.44032337371839 50.314269686505796 0.005327686495980921
50.440461240879955 50.31531754419143 0.005155505117845682
50.440594621428254 50.316331372284665 0.004988920149670117
50.44072366559002 50.31731231761178 0.004827742370489885
50.440848523538975 50.31826152699905 0.004671782598401397
50.44096934539844 50.31918014727274 0.004520851688736061
50.44108628124369 50.32006932525913 0.004374760532241284
50.44119945725948 50.320930022748186 0.00423335055341012
50.44130895193557 50.32176281225376 0.004096527883232115
50.44141488275013 50.32256855135962 0.003964152155735756
50.4415173691542 50.32334811288028 0.0038360805286166144
50.44161653056535 50.3241023696302 0.0037121701834555987
50.4417124863693 50.32483219442384 0.003592278324582532
50.44180535592147 50.32553846007572 0.0034762621780263236
50.44189525854839 50.32622203940028 0.0033639789904763573
50.441982310720775 50.32688379389781 0.003255287611970137
50.442066544514525 50.32752422064944 0.003150099298170672
50.4421480190992 50.32814385413022 0.0030483237246531347
50.442226828086724 50.32874335550482 0.002949853420106563
50.44230306506892 50.32932338593791 0.002854580927063366
50.44237682361845 50.329884606594135 0.002762398801276267
50.44244819728977 50.330427678638166 0.0026731996110915812
50.44251727961997 50.330953263234655 0.002586875936861577
50.44258416412971 50.33146202154827 0.0025033203703761497
50.44264892436449 50.33195451944328 0.0024224396428218498
50.44271157685449 50.33243103479625 0.0023441838679642
50.44277218332766 50.33289204372615 0.002268474532944542
50.44283080986678 50.33333804257908 0.0021952301609300395
50.44288752254392 50.333769527701115 0.00212436928293791
50.442942387420786 50.33418699543834 0.0020558104374357455
50.44299547054935 50.33459094213681 0.0019894721700211004
50.44304683797223 50.33498186414263 0.0019252730330521217
50.44309655572319 50.33536025780186 0.0018631315853494534
50.44314468982751 50.33572661946059 0.0018029663918572858
50.443191289189755 50.33608130457536 0.0017447194466669869
50.443236368586255 50.336424397855225 0.0016883775071174778
50.443279975438294 50.336756262511244 0.0016338807909727082
50.44332215901349 50.337077277224395 0.001581166943014467
50.44336296857379 50.33738782067568 0.0015301736122669274
50.44340245337565 50.3376882715461 0.001480838451774047
50.44344066267042 50.33797900851665 0.0014330991184300368
50.44347764570448 50.338260410268326 0.0013868932727748584
50.44351345171958 50.33853285548213 0.0013421585788231383
50.443548129953 50.33879672283905 0.0012988327038887526
50.44358170716215 50.339052219975635 0.0012568814034675801
50.44361418213637 50.339299338955165 0.0012163059055142478
50.443645590716905 50.33953835161521 0.0011770615611087498
50.44367596979177 50.33976953775601 0.0011391024169570274
50.443705356245935 50.339993177177796 0.0011023825219836914
50.44373378696152 50.3402095496808 0.0010668559272402067
50.44376129881787 50.340418935065266 0.001032476685786432
50.4437879286917 50.340621613131425 0.0009991988525975826
50.44381371345729 50.34081786367951 0.0009669764844686402
50.4438386899865 50.341007966509764 0.0009357636399169866
50.44386287406201 50.341192038968465 0.0009055411046559048
50.44388626411107 50.34137006682612 0.0008763112545658869
50.44390888531525 50.34154224340525 0.0008480422837296997
50.44393076314338 50.341708764260666 0.0008207020199956228
50.44395192306275 50.341869824947196 0.0007942582923552433
50.44397239053916 50.34202562101966 0.0007686789308825048
50.443992191037054 50.34217634803288 0.0007439317666892986
50.444011350019515 50.34232220154167 0.0007199846318634018
50.44402989294838 50.34246337710086 0.0006968053594347268
50.44404784528428 50.34260007026528 0.0006743617833154802
50.44406523248669 50.34273247658974 0.0006526217382591959
50.444082079808936 50.342860789925574 0.0006315533433298715
50.44409838521172 50.34298497821763 0.0006111622962143848
50.44411415008145 50.34310504034978 0.0005914490844387554
50.44412939308108 50.343221119203506 0.0005723902186158814
50.44414413287278 50.34333335766024 0.000553962209933534
50.444158388118026 50.34344189860146 0.0005361415701329308
50.44417217747756 50.34354688490863 0.0005189048114716543
50.44418551961145 50.343648459463225 0.0005022284466925653
50.44419843317916 50.34374676514668 0.0004860889890202502
50.44421093683953 50.34384194484048 0.0004704629521177228
50.44422304925084 50.34393414142607 0.00045532685006977047
50.44423478907083 50.344023497784924 0.0004406571973650797
50.44424617272007 50.3441101401608 0.00042643322986901655
50.44425718219322 50.34419393802768 0.00041267619592399996
50.44426781935125 50.344274907083786 0.0003993834725419809
50.44427809779075 50.34435315012783 0.0003865381976891902
50.44428803110794 50.34442876995855 0.00037412350959609153
50.44429763289865 50.34450186937468 0.0003621225467501654
50.444306916758414 50.34457255117492 0.0003505184478959089
50.44431589628244 50.34464091815802 0.0003392943520068581
50.44432458506559 50.34470707312269 0.00032843339827726137
50.44433299670248 50.34477111886767 0.00031791872610786864
50.44434114478744 50.34483315819168 0.00030773347510515414
2.5734849550471144 0.0737995884274069 2.3701675067044903e-9
2.573484956941441 0.0737995889683629 3.068219123214533e-9
2.5734849593738294 0.0737995896677377 3.9622234382363786e-9
2.5734849624919365 0.07379959056984763 5.105544209627055e-9
2.573484966483025 0.07379959173105045 6.565781918155267e-9
2.5734849715843975 0.07379959322295224 8.428513109670632e-9
2.573484978096527 0.07379959513645357 1.0801979422048191e-8
2.5734849863996136 0.07379959758685178 1.3823005851065773e-8
2.5734849969742815 0.07379960072026744 1.7664382512272425e-8
2.5734850104277336 0.0737996047217364 2.2544192734841317e-8
2.5734850275264467 0.07379960982538646 2.8737452972826816e-8
2.57348504923727 0.07379961632723422 3.6590744656450624e-8
2.5734850767788955 0.0737996246012566 4.654050855812386e-8
2.5734851116864457 0.07379963511957428 5.9135997876325064e-8
2.5734851558921763 0.07379964847776897 7.506791288580672e-8
2.573485211826793 0.07379966542663972 9.520436072829597e-8
2.573485282545762 0.07379968691198764 1.206355887406474e-7
2.573485371887891 0.07379971412446092 1.527301992654273e-7
2.5734854846726236 0.07379974856194042 1.9320491606578116e-7
2.573485626947724 0.07379979210761384 2.4421226840765087e-7
2.5734858062971515 0.07379984712760157 3.0844931941942377e-7
2.5734860322271103 0.07379991659302292 3.892941652372528e-7
2.5734863166456017 0.07380000423247983 4.90975080036371e-7
2.5734866744633997 0.07380011472255678 6.187827783499245e-7
2.5734871243400312 0.07380025392560906 7.79333243494662e-7
2.5734876896179077 0.07380042918658478 9.808973120417619e-7
2.5734883994807443 0.07380064970325254 1.2338083501539643e-6
2.573489290404654 0.0738009269879956 1.5509738779950766e-6
2.5734904079543983 0.07380127544351044 1.948506932025751e-6
2.573491809035963 0.07380171308039928 2.446519922982837e-6
2.573493564677474 0.07380226241120802 3.0701007373012956e-6
2.5734957635213473 0.07380295156387745 3.850542993344419e-6
2.5734985161280575 0.07380381566860557 4.826855078410297e-6
2.573501960382323 0.07380489858383109 6.04766360412512e-6
2.573506268151036 0.07380625504531911 7.57354613423189e-6
2.573511653640595 0.07380795333886275 9.47997149103319e-6
2.57351838369837 0.07381007862747842 1.1860908090355338e-5
2.573526790703775 0.07381273708642977 1.4833353262688753e-5
2.5735372885093897 0.07381606104902333 1.8542918441277756e-5
2.5735503923064225 0.07382021539925603 2.317079899283314e-5
2.5735667432828966 0.07382540552367534 2.894241735496017e-5
2.573587139201949 0.07383188718722887 3.6138134039354064e-5
2.5736125725404055 0.07383997881184946 4.5106625867763483e-5
2.573644277534448 0.07385007672661079 5.628133802182411e-5
2.5736837890554582 0.07386267410298726 7.020114607947381e-5
2.5737330150991466 0.07387838453654877 8.75356649474579e-5
2.573794327679243 0.07389797122173383 0.00010911717559813905
2.5738706738567854 0.07392238313179846 0.00013597936056797266
2.573965715730967 0.07395280011039553 0.0001694063996428019
2.5740840033529504 0.07399068902537648 0.00021099338915442356
2.5742311881650877 0.0740378728666557 0.00026272102738145175
2.5744142882884193 0.07409661662792766 0.0003270484434515497
2.574642018023844 0.074169734471247 0.00040702825542204835
2.5749251992058144 0.07426072258876047 0.0005064506613329245
2.5752772638339403 0.07437392300016374 0.0006300187970466053
2.5757148819978046 0.07451472688748736 0.0007835684385071318
2.5762587448735412 0.074689828886946 0.0009743416039711406
2.5769345274651925 0.07490754063256173 0.001211322543505422
2.577774084160574 0.07517817807250944 0.0015056559861507113
2.578816923256672 0.07551454279959596 0.0018711612222845897
2.580112058283192 0.07593252276361417 0.0023249793350433867
2.5817202751794057 0.07645183139595071 0.002888364155646861
2.5837169326157707 0.07709692120850552 0.003587658943948968
2.5861954580411703 0.07789812014524079 0.004455517849920931
2.5892716627729233 0.07889304665133477 0.005532407561141706
2.593089074849137 0.08012834463967994 0.006868470052101561
2.5978254884352765 0.08166183336791218 0.008525801217847406
2.603701115862147 0.08356517814836577 0.010581290004797683
2.610988697078379 0.08592720137490455 0.01313014027458459
2.620025763005437 0.0888579394412563 0.016290124206568724
2.6312299092253175 0.09249365693399833 0.02020689973958356
2.645117530793367 0.09700307958938297 0.02506049450534209
2.6623268589388025 0.10259504821234877 0.03107328594001013
2.683646015774096 0.10952788782817761 0.03851969953278922
2.7100470538089034 0.11812093218811176 0.04773790364745645
2.742728155867204 0.12876875853403136 0.05914433732093838
2.7831636799557558 0.14195848060773547 0.073250742209785
2.8331646870565526 0.15829071719815685 0.09068473526506715
2.8949510438221653 0.17850512457557013 0.11221403309988565
2.9712368800617517 0.20351137972319247 0.1387747707803465
3.065330007564052 0.23442590532471713 0.1715040154390583
3.1812436836976143 0.27261539493237646 0.2117749948734743
3.3238236102719796 0.31974798025865603 0.26123581911997545
3.4988848802225627 0.3778524586652371 0.32184826621958007
3.7133470876146806 0.4493840101829564 0.3959204203167132
3.975363674501 0.5372958104656373 0.4861297273262851
4.294419428452201 0.6451138282115634 0.595521604078825
4.681372085412433 0.7770074435315226 0.727470355539781
5.148389450736979 0.9378454113427479 0.8855760092038374
5.708736967811032 1.1332235934610004 1.0734718955015055
6.37635682735731 1.3694439187438965 1.2945136061501168
7.165167242018049 1.6534146230801157 1.5513221848227414
8.088044134884786 1.9924450371003142 1.845182808837133
9.155484483180528 2.393910888928015 2.175343918632861
10.374037158043599 2.8647765888875107 2.538339535969172
11.744652221132858 3.4109978663810288 2.927511722346912
13.261292680077116 4.036874546886746 3.3329919214200707
14.91012195348385 4.744457062107189 3.7423065586332482
16.669600674090265 5.533136518669372 4.141624025035373
18.51175128484921 6.399542109485545 4.517438073017477
20.404243899627787 7.337770983872732 4.858153475005144
22.31332232401495 8.339896088799746 5.1552956911476775
24.206490215151536 9.396645246660661 5.403871728471531
26.054961011862627 10.498083567262794 5.602145526935943
27.83514287448478 11.63419573656345 5.7509208688281745
29.529300655002064 12.795313590886611 5.852717380492376
31.125510996241317 13.972380980410462 5.9110543677180365
32.61699811554398 15.15709934577781 5.929895696269169
34.00135947208246 16.34197909875715 5.913350319069191
35.27950357834465 17.520349557594702 5.86546598575988
36.45480533018442 18.686338550064356 5.790176244499947
37.532269935314034 19.834846287040577 5.691263846708432
38.5179279495791 20.961513581533225 5.572364993447965
39.41831146686258 22.06269255490157 5.436949400336897
40.24011065474017 23.135412497691153 5.288304543123243
40.98992330536874 24.1773386979146 5.129506909522092
41.6740861256449 25.18672848171094 4.963387275751111
42.29857540643147 26.16237711552251 4.792501733590514
42.86894435770588 27.103563594967383 4.619106233151317
43.39031715643398 28.009984343385977 4.445152807988453
43.867360010566415 28.88169886338571 4.272280118326311
44.30433497252258 29.719061399631105 4.101840690532259
44.70508123937873 30.52267001946784 3.9349079520496177
45.073067891452325 31.293313509412855 3.7723112411136173
45.41141735404334 32.03192335936415 3.614664914001259
45.722933211879166 32.739537343324336 3.462397513918879
46.01013946364793 33.41725996684537 3.315786624266294
46.275292018926926 34.06624054039288 3.1749799211856535
46.520425466463806 34.687644208017325 3.0400280983976486
46.74735486861021 35.28264022025974 2.9108982006712933
46.957714574546095 35.85238496007165 2.787497908207026
47.15297159688499 36.39801080740647 2.6696893255676573
47.334443353582074 36.92062122862424 2.5573007465432545
47.5033195547893 37.42127982917066 2.4501401886593532
47.66066683796024 37.90101216883599 2.3479992299738432
47.807450551289 38.36080055038005 2.2506627780931336
47.944540847382285 38.80158372264073 2.157912359714805
48.07272405140267 39.2242572707117 2.0695300535593786
48.19271287977982 39.62967285514006 1.9853019622761554
48.305151821956485 40.01864127161496 1.9050189693552735
48.4106291223726 40.39193059060642 1.82848030602369
48.509678015980484 40.7502701711985 1.7554924951454942
48.60278472689142 41.09435179567865 1.6858707086478533
48.690393211041844 41.42483102392039 1.6194391194532165
48.77290911726526 41.74232984067214 1.5560306507283608
48.850706436052285 42.0474353256116 1.4954883922606206
48.924123734377474 42.340706198825785 1.4376623799528203
48.993472141998446 42.62267188748122 1.3824112473949908
49.059036393531514 42.893833532016664 1.3296016492308134
49.12107540311558 43.15466679989041 1.2791071473001119
49.17982543926312 43.40562272673714 1.2308082546292947
49.23550193923729 43.647128954732786 1.1845920705520179
49.28830138730792 43.87959124917643 1.1403518903755046
49.33840361785917 44.103394700724806 1.0979870202468807
49.38597366231246 44.31890477496948 1.057402546526386
49.431163353041875 44.52646847955873 1.018509046403798
49.47411278997676 44.726415475308016 0.9812223075453206
49.514951623891335 44.91905914677092 0.9454630417786871
49.55380015504365 45.10469747347248 0.9111566287406341
49.590770290983215 45.28361393868347 0.8782328424097098
49.62596635770923 45.456078373309666 0.8466255824862957
49.659485839215634 45.622347786076915 0.8162726145446526
49.691420034578144 45.78266711328545 0.7871153303385321
49.72185461183286 45.93726991586067 0.7590985155860359
49.75087008134333 46.086379034490896 0.7321701265517184
49.77854220707034 46.23020720166205 0.7062810784964104
49.8049423603514 46.368957612975365 0.6813850451766624
49.83013782434348 46.50282446167738 0.6574382691067551
49.854192057296856 46.63199342781275 0.6343993851212745
49.87716492015161 46.75664213054855 0.6122292554297146
49.89911288675234 46.876940594244914 0.5908908081832738
49.920089219064614 46.99305155072072 0.5703489133817119
49.94014416280788 47.10513096568838 0.550570223061853
49.95932510275078 47.21332833583482 0.5315230603750193
49.97767670907549 47.31778696611793 0.5131773177255393
49.99524105263787 47.4186441122782 0.4955043830057327
50.01205783024623 47.51603164703201 0.47847698385660653
50.02816445764878 47.610076200194115 0.4620691212540696
50.04359612255199 47.700898915676866 0.4462560793942285
50.058386099072266 47.78861658856265 0.43101420490228204
50.07256568020482 47.87334118441562 0.4163209494849731
50.0861643683573 47.95518002035724 0.40215483122726514
50.09921004932531 48.03423682169755 0.38849521349333954
50.11172895190735 48.110610500814815 0.3753225161149437
50.12374584834967 48.184396787366076 0.3626178867387574
50.13528422323178 48.25568752191164 0.3503633545152294
50.14636606522159 48.324570726368165 0.33854174299597944
50.15701242885573 48.39113188681713 0.32713650058381943
50.1672428732381 48.45545178418667 0.3161320034634908
50.17707625814279 48.51761003797163 0.30551297614669026
50.18653018526002 48.57768161082893 0.2952650691788094
50.195621390786066 48.63573945866555 0.28537438139592464
50.20436585465095 48.69185411967087 0.27582755099816814
50.21277846979242 48.74609230611211 0.26661195541268096
50.220873664493304 48.79851988134346 0.25771522412856995
50.22866488259536 48.84919884770972 0.2491257260103631
50.23616500597402 48.898189621455984 0.24083218510221988
50.24338632185354 48.945550658327264 0.23282373854429278
50.25034033158456 48.99133730343853 0.22509011673238
50.25703821335269 49.03560418431336 0.21762124954572953
50.26349038809333 49.07840281562165 0.21040764703214948
50.26970689208621 49.11978343488948 0.20344010063014817
50.27569730319118 49.1597946119953 0.1967097384361749
50.28147062109394 49.198482446282576 0.1902081527984708
50.28703561749457 49.23589246126421 0.1839270889317281
50.29240046998772 49.272067507244515 0.17785877992947713
50.2975730632722 49.3070493197487 0.17199569333839293
50.30256102788595 49.34087880385542 0.16633047790630562
50.30737143979229 49.373594189766955 0.16085626150572907
50.31201122196386 49.40523322353855 0.15556629574844494
50.31648699175354 49.435832439475895 0.150454064351782
50.32080492960571 49.465426177696166 0.14551344556861734
50.324971121021214 49.49404854786147 0.1407383917505649
50.3289913255469 49.52173220421561 0.13612311978043423
50.33287095354908 49.54850797753938 0.13166217506430866
50.33661534843788 49.57440657834164 0.12735015192040677
50.34022959608076 49.599457539934164 0.12318185940532356
50.34371843755424 49.62368852048814 0.11915243730199021
50.3470865574246 49.64712704237812 0.11525707199750401
50.35033846089233 49.66979984234789 0.11149109656272604
50.35347832111964 49.69173180360812 0.10785016596318686
50.356510254031505 49.71294759308029 0.10432999131642895
50.35943826320829 49.7334714375115 0.10092637080285138
50.36226603075057 49.753325750089246 0.09763541294598044
50.36499715801796 49.77253250795613 0.09445331551465452
50.367635211246935 49.79111363573278 0.09137629892687948
50.37018351230466 49.80908975719246 0.08840080513798154
50.372645198780305 49.82648036421397 0.08552347553828488
50.37502339198733 49.84330493961551 0.08274096578375134
50.3773211286281 49.85958259108619 0.08005000207916935
50.37954117863617 49.87533085814151 0.07744757445986394
50.38168626562965 49.8905669951736 0.074930731675382
50.38375909538212 49.90530824174054 0.07249653384379517
50.38576220996881 49.919570930629106 0.07014219479888495
50.38769797678255 49.933370284181485 0.06786511835853226
50.38956874786902 49.94672147530631 0.06566272455577182
50.391376859650514 49.959639653431275 0.06353244406626646
50.393124485458415 49.97213902084141 0.06147186620418166
50.394813654615085 49.98423283510478 0.05947874159335309
50.39644639272152 49.99593436091434 0.057550826175643555
50.39802471321939 50.00725684344557 0.05568588427328214
50.399550483841615 50.01821267776438 0.05388182129914232
50.40102544935755 50.02881343140315 0.052136683467576606
50.402451355621636 50.03907069258221 0.050448518914709806
50.40382993962483 50.04899603719764 0.048815381762231325
50.405162819287874 50.05860034850473 0.04723544049575634
50.406451491043605 50.067893680388465 0.045707003401658675
50.40769744864518 50.07688607077106 0.044228385633271916
50.40890218086057 50.08558755757469 0.04279790544951523
50.410067139844415 50.09400798276029 0.04141391529283589
50.41119361354021 50.102156135185034 0.040074940508650014
50.41228287185362 50.11004064223745 0.038779537163323385
50.41333618405929 50.117670148168514 0.03752626107547152
50.414354814806245 50.125053290826564 0.03631367133225827
50.415339930941556 50.13219810008783 0.03514042681122431
50.416292605686465 50.139111956819455 0.03400529466894986
50.417213920985624 50.14580229462792 0.0329070360729431
50.41810495608841 50.15227654711971 0.03184441390221615
50.41896676992112 50.15854203849355 0.030816210062911242
50.41980029887786 50.164605295693306 0.02982133664266129
50.420606454491534 50.170472634580136 0.028858743029608447
50.42138614940254 50.17615038702986 0.0279273774683666
50.422140294323476 50.18164488491824 0.0270261894379914
50.42286978586015 50.18696238324182 0.026154141846592927
50.42357540387176 50.19210837732548 0.02531032104339026
50.42425790885781 50.19708818919193 0.02449384399507848
50.424918067053866 50.20190718131168 0.023703822299994015
50.42555664331968 50.20657071615525 0.02293936844416189
50.426174395236146 50.211084117160105 0.022199602028465715
50.4267719842612 50.21545206851486 0.021483746688795047
50.427350044133476 50.21967904325741 0.020791061836529012
50.42790921708101 50.223769572723185 0.020120798311717314
50.428450144350464 50.22772818824759 0.019472207592238777
50.428973464283885 50.23155940826674 0.018844543834607208
50.429479745405374 50.23526728325488 0.01823713739460464
50.429969514190105 50.23885555241628 0.0176493703830225
50.43044330468938 50.24232800336989 0.017080617803386766
50.43090165025713 50.245688423734585 0.016530255114705072
50.431345083582734 50.24894060112929 0.015997658210442856
50.43177412624459 50.25208825624567 0.015482214079050372
50.43218921316236 50.255134532814175 0.014983403040482846
50.43259077976982 50.25808253870499 0.014500712839256469
50.43297926795085 50.260935423084746 0.014033625051146914
50.4333551191178 50.263696335120045 0.013581621561252977
50.4337187742338 50.266368423977504 0.013144184549702786
50.434070649944374 50.268954684645124 0.012720821117540138
50.43441108899051 50.271457612022125 0.01231111935543272
50.43474045360296 50.27387980482691 0.011914651758509587
50.43505910760284 50.276223873656804 0.011530989160396743
50.43536741449327 50.278492429109114 0.011159702604638277
50.43566573747438 50.28068808178117 0.01080036333494172
50.435954404461235 50.28281320036646 0.01045258193399079
50.436233698670364 50.28486983601068 0.010116020850314822
50.43650391627973 50.28686012583331 0.009790328927396064
50.43676535324402 50.28878620695525 0.009475155156825177
50.43701830530482 50.290650216497404 0.009170148671748701
50.43726306800061 50.29245429158062 0.008874958740310857
50.43749992851494 50.29420051121413 0.008589244209896707
50.43772911331262 50.29589051995237 0.008312734796908527
50.43795085736218 50.29752601877466 0.008045151293620378
50.438165401162806 50.29910874873418 0.007786208085067359
50.43837298507093 50.30064045088409 0.007535619651404701
50.43857384930689 50.30212286627756 0.0072931005635140655
50.43876823395817 50.30355773594609 0.007058365482241813
50.43895634296563 50.304946552326534 0.006831169335039133
50.43913835111094 50.30629059578474 0.006611301744118836
50.43931445280623 50.307591277221334 0.006398531462829982
50.43948484236824 50.30885000753695 0.006192627308247767
50.43964971402279 50.310068197632184 0.005993358158261852
50.439809261909026 50.3112472584077 0.00580049294871432
50.43996367336506 50.31238855417709 0.005613808205717885
50.44011308953191 50.31349312537397 0.005433133009862479
50.440257660345935 50.31456206775681 0.0052582877170294084
50.440397539979976 50.31559650648585 0.005089087981964946
50.4405328825467 50.31659756672129 0.0049253494998328096
50.44066384210143 50.31756637362335 0.004766888004369196
50.440790572644794 50.31850405235226 0.004613519266075561
50.44091322781193 50.3194117257537 0.004465059468911514
50.44103192649196 50.320290260974986 0.004321366620802514
50.441146776591026 50.321140446111585 0.004182311632592084
50.4412579003811 50.3219631759886 0.004047747981376637
50.44136542009622 50.322759345431116 0.003917529169845002
50.44146945793418 50.32352984926423 0.0037915087251004786
50.44157013605833 50.32427558231304 0.0036695401975298525
50.44166757659913 50.324997439402644 0.0035514771596919514
50.44176188861449 50.32569622119398 0.003437188537898428
50.44185314552029 50.326372468840276 0.0033265855984174753
50.44194144210086 50.32702687556185 0.0032195549301281545
50.442026874885606 50.3276601472854 0.0031159810708902835
50.44210954038118 50.32827298993764 0.0030157485739371603
50.442189535072494 50.328866109445286 0.0029187420071595804
50.442266955423776 50.32944021173507 0.002824845952421051
50.44234189589328 50.32999598955641 0.002733947117123603
50.44241441719846 50.33053390695354 0.0026459690343563214
50.442484585851986 50.33105445545638 0.0025608311827148844
50.442552476440405 50.33155817887343 0.0024784447134261756
50.44261816353616 50.332045621013144 0.0023987207872862015
50.44268172169812 50.332517325684016 0.002321570574196463
50.442743225472285 50.332973836694535 0.0022469052527455124
50.44280274939239 50.33341569785316 0.002174636009813713
50.44286036798047 50.33384345296839 0.002104674040159127
50.442916141860714 50.33425756139904 0.002036943843391814
50.4429701044738 50.33465830314094 0.0019713986428637753
50.443022312506706 50.33504608674515 0.0019079718584186223
50.44307282381779 50.3354213276834 0.0018465958343637512
50.443121696257386 50.335784441427315 0.0017872029203706008
50.4431689876681 50.33613584344861 0.0017297254712081989
50.443214755885286 50.33647594921896 0.0016740958465317757
50.443259058737326 50.336805174210035 0.0016202464106394032
50.44330195303429 50.337123928556046 0.0015681103451239409
50.44334346427638 50.337432450560385 0.0015176472641057481
50.44338362468734 50.33773099638998 0.0014688147489652081
50.443422478346434 50.338019882012766 0.0014215613844464903
50.443460069328246 50.33829942339668 0.0013758357584541248
50.443496441702806 50.33856993650966 0.0013315864618944628
50.443531639535834 50.33883173731963 0.0012887620885490003
50.44356570688895 50.339085141794534 0.0012473112349261628
50.44359868781992 50.33933046590231 0.0012071825001515046
50.443630618527145 50.3395679798737 0.001168331617457219
50.44366151236742 50.339797816037155 0.0011307359982136722
50.44369140003845 50.34002020220886 0.0010943583595720563
50.44372031393784 50.34023537592471 0.001059159911774632
50.4437482864606 50.3404435747206 0.0010251018668425704
50.443775349999214 50.34064503613241 0.0009921454384818063
50.44380153694382 50.34083999769602 0.0009602518420084305
50.4438268796823 50.34102869694733 0.0009293822942835206
50.44385141060038 50.341211371422226 0.0008994980136197706
50.443875162081724 50.3413882586566 0.0008705602197227602
50.44389815739754 50.34155952942146 0.0008425410260336497
50.44392040210191 50.34172522574639 0.0008154335202250618
50.44394191955895 50.34188552121934 0.0007892092987136223
50.44396273412722 50.34204059674973 0.0007638387637949329
50.44398287016384 50.34219063324694 0.0007392923187292677
50.44400235202467 50.342335811620366 0.0007155403676861738
50.444021204064256 50.342476312779404 0.000692553315701061
50.444039450635955 50.342612317633446 0.0006703015686400082
50.44405711609198 50.34274400709189 0.0006487555331461392
50.4440742247835 50.34287156206412 0.0006278856166311853
50.44409079045595 50.34299508386555 0.0006076752644458283
50.44410681342434 50.34311457270021 0.0005881244926555507
50.44412231129693 50.343230158320594 0.0005692121049337695
50.44413730217424 50.34334197417652 0.0005509162999548511
50.44415180415604 50.343450153717846 0.0005332152768878773
50.444165835341444 50.343554830394396 0.0005160872353990875
50.44417941382884 50.34365613765602 0.0004995103755919272
50.44419255771604 50.34375420895254 0.0004834628980261435
50.444205285100196 50.34384917773381 0.0004679230036501725
50.444217614077964 50.34394117744965 0.0004528688938402192
50.444229551862946 50.34403026679407 0.00043829082563262567
50.44424109707741 50.344116443162385 0.00042418900956531225
50.44425226239679 50.34419979895198 0.00041054838191378895
50.444263060646406 50.34428042758496 0.0003973537142076822
50.44427350465119 50.34435842248349 0.0003845897782185359
50.44428360723573 50.344433877069704 0.00037224134597435565
50.44429338122425 50.34450688476573 0.00036029318972985447
50.444302839440674 50.344577538993725 0.0003487300819693395
50.44431199470856 50.344645933175826 0.00033753679537962267
50.44432085985125 50.344712160734154 0.00032669810286201084
50.44432944769174 50.34477631509087 0.00031619877749777814
50.44433777093511 50.34483848887741 0.00030602371953092344
50.44434582671008 50.34489866975266 0.0002961746965377543
50.44435361438214 50.34495685935216 0.00028665126373250693
50.44436114328479 50.3450131260706 0.00027744226221626533
50.444368422751275 50.34506753830257 0.00026853653321690096
50.444375462114685 50.34512016444279 0.0002599229180767493
50.44438227070797 50.34517107288588 0.00025159025827858894
50.44438885786386 50.34522033202649 0.00024352739540256518
50.44439523291495 50.34526801025929 0.00023572317113329522
50.44440140519371 50.34531417597892 0.00022816642726575243
50.44440738403243 50.34535889758004 0.00022084600568228474
50.4444131787633 50.345402243457286 0.00021375074836893493
50.444418797639166 50.34544427418884 0.0002068707698400507
50.44442423222746 50.34548492964566 0.0002002158307410351
50.444429483512906 50.34552421822583 0.00019378452706819704
50.4444345581212 50.34556218922604 0.00018756879577275232
50.444439462677984 50.345598891942934 0.0001815605738824111
50.44444420380881 50.3456343756732 0.00017575179848017264
50.44444878813912 50.345668689713484 0.0001701344066996624
50.44445322229432 50.345701883360455 0.00016470033574178533
50.44445751289971 50.345734005910785 0.00015944152284019797
50.44446166658054 50.34576510666113 0.00015434990529572534
50.444465689961994 50.345795234908174 0.00014941742044638495
